image: mero_gmapping.pgm
resolution: 0.050000
origin: [-43.600000, -54.800000, 0.000000]
negate: 0
occupied_thresh: 0.65
free_thresh: 0.196

