image: mero_map_5F_2.pgm
resolution: 0.050000
origin: [-12, -50, 0.000000]
negate: 0
occupied_thresh: 0.65
free_thresh: 0.196

